230.194611104
231.220905131
232.1497153
229.583139183
232.12746464
229.794111453
225.475004967
234.040026812
223.7728732
232.229401623
232.85295905
231.510575753
229.644640817
224.999020276
230.437123316
227.411380318
224.742210505
227.947569711
232.993041896
230.669397524
230.072578703
229.715266791
231.701537365
233.118143591
230.958788508
229.940387867
232.191032324
225.801199066
229.224299421
234.281367478
225.825390084
226.821352215
226.57814068
227.175915095
233.288544588
231.310223296
228.4521764
229.700564361
233.913302578
232.419769903
229.798228891
233.283287218
228.585230738
232.469226351
230.918703966
233.359238677
233.329784792
231.907967777
230.777222932
233.260393286
226.728655795
228.718652223
233.409673627
231.945054042
226.417704159
228.927691924
232.993774513
231.03461794
227.416691752
233.580037665
225.283048205
235.141178336
231.389356453
226.142835849
228.700404917
227.833474832
233.043825515
231.859082822
225.948262467
235.126747601
233.302781363
227.334364678
225.901617515
233.934214001
233.381955756
229.794918904
230.399559788
228.377537604
225.004115453
226.277024925
230.155970415
229.925942166
232.40579841
232.601699726
233.647280956
233.355913418
227.57349329
231.545004315
226.281531045
232.652678984
232.679621019
229.357033954
226.286145447
233.626613128
227.478401548
231.562665314
223.8486475
226.754637043
225.046577143
232.519213362
234.654929525
232.32938099
226.395605307
230.562549549
226.628903834
232.519650763
230.582900934
230.384067928
225.523582641
232.293179913
226.006998881
232.770796765
228.192631955
225.057861764
232.915228274
222.512074891
233.323604664
227.963258127
232.544773244
226.204842846
233.679670807
221.86397732
231.862583714
234.384662788
230.770996681
228.830845384
231.177398656
230.797787213
232.747193124
229.052272219
231.226671529
234.012910978
231.251868539
231.165984831
232.422926555
232.653182363
228.651031857
233.331074699
227.182588063
235.023828298
229.257471218
231.421821139
225.142805457
229.791965376
229.883375401
229.176069805
232.192805907
231.273455308
225.535814304
228.976135048
231.751857772
229.117800726
232.041669511
231.909796952
233.829652151
227.460383786
227.17868169
227.984734018
228.005179175
225.509174968
227.969948812
223.719483805
229.126916514
234.051929965
230.952019629
233.302303642
232.59235699
229.771023102
229.995304502
228.387847082
232.590184492
233.771097174
233.503839099
228.052112928
230.18442686
223.612263032
231.994256052
231.746560847
228.541300912
230.065341114
230.404525303
232.818522545
231.670766694
228.166563807
233.3157629
231.282946949
233.316643506
226.439847453
230.680289491
226.545606811
228.394623597
224.59047818
229.438778538
230.696593232
227.943181035
232.40965133
228.381322715
229.824268326
230.818933984
232.241670244
232.492282935
232.234900755
228.08623757
233.149350748
230.670768069
229.47113204
227.259763147
232.194247163
230.851845081
231.338160785
230.214005062
229.563184117
228.34236329
233.865948834
232.254904692
230.678136083
229.867754794
228.54907334
226.869480422
229.275193612
224.566660726
232.610842393
234.027231751
228.553385501
231.644874179
227.725534729
232.169494274
230.15740602
227.069229772
226.579522832
231.270905276
232.419983106
226.571889231
226.723998936
232.080894217
231.534314096
231.798256381
231.508947257
232.430660801
234.212122128
229.84511362
225.758281953
231.213278554
228.782603397
228.337251619
225.688068334
232.979796605
232.244057014
231.148744892
229.998324007
231.591223168
230.454620137
232.649479876
231.354202605
231.878370331
224.480928519
228.703140967
231.286450742
230.633656451
234.349564683
225.147068746
222.735717751
233.169113381
231.702076481
234.674165719
225.520109088
228.341947117
232.86396892
233.859932273
232.779953483
233.254641701
234.091019816
231.642297573
233.883397088
232.783888722
232.40003476
232.329276069
233.819605664
